16 32
11111111111111111111111111111111
11100000000000000111110000000111
10000011111100000000000001100111
10001111011100111000011111000111
10001111000000011101110000001111
11000111111111111111111111111111
11000000110000000000111111111111
10000000000011110000100010011111
10000110000000111110000000000111
10000110001000011000001001111111
10000000000000011111101111111111
10001100000001111100000111100111
11000100001111110000100100000011
11100000111100010000000001110011
11111111111100000001000011111111
11111111111111111111111111111111
