0.00e+00
0.00e+00
0.00e+00
0.00e+00
0.00e+00
0.00e+00
0.00e+00
0.00e+00
0.00e+00
0.00e+00
0.00e+00
0.00e+00
0.00e+00
0.00e+00
0.00e+00
0.00e+00
0.00e+00
0.00e+00
0.00e+00
0.00e+00
0.00e+00
0.00e+00
0.00e+00
0.00e+00
0.00e+00
0.00e+00
0.00e+00
0.00e+00
0.00e+00
0.00e+00
0.00e+00
0.00e+00
0.00e+00
0.00e+00
0.00e+00
8.33e-19
1.33e-17
1.05e-18
7.17e-20
4.65e-24
3.25e-22
5.94e-25
1.82e-24
1.79e-20
3.50e-18
4.51e-19
9.54e-19
5.85e-19
5.91e-20
0.00e+00
0.00e+00
0.00e+00
0.00e+00
0.00e+00
4.68e-16
4.72e-15
4.62e-16
6.35e-18
3.59e-21
7.32e-20
4.47e-23
0.00e+00
0.00e+00
0.00e+00
0.00e+00
9.82e-22
4.16e-19
5.15e-21
1.31e-20
5.24e-21
0.00e+00
0.00e+00
0.00e+00
0.00e+00
0.00e+00
0.00e+00
4.13e-20
9.84e-22
1.22e-21
7.92e-22
5.38e-19
1.33e-10
1.66e-12
1.69e-12
5.64e-15
4.31e-17
5.01e-18
1.33e-17
5.02e-18
0.00e+00
0.00e+00
8.88e-23
4.09e-23
0.00e+00
0.00e+00
0.00e+00
0.00e+00
1.10e-23
4.16e-19
1.03e-20
0.00e+00
0.00e+00
0.00e+00
0.00e+00
3.54e-25
0.00e+00
0.00e+00
0.00e+00
5.33e-22
5.56e-21
0.00e+00
0.00e+00
0.00e+00
2.03e-14
2.26e-15
2.30e-15
2.83e-17
0.00e+00
0.00e+00
0.00e+00
0.00e+00
0.00e+00
8.03e-23
8.83e-24
7.99e-24
0.00e+00
0.00e+00
0.00e+00
0.00e+00
1.25e-24
1.95e-21
2.06e-22
0.00e+00
0.00e+00
0.00e+00
0.00e+00
1.19e-27
7.02e-24
2.22e-25
1.29e-24
9.38e-27
1.11e-23
5.39e-25
0.00e+00
0.00e+00
0.00e+00
2.54e-16
0.00e+00
0.00e+00
0.00e+00
4.67e-25
5.77e-24
4.85e-23
2.00e-23
3.86e-24
3.49e-24
0.00e+00
0.00e+00
0.00e+00
0.00e+00
0.00e+00
0.00e+00
3.39e-24
3.26e-23
3.03e-24
0.00e+00
0.00e+00
0.00e+00
0.00e+00
0.00e+00
0.00e+00
0.00e+00
0.00e+00
0.00e+00
0.00e+00
0.00e+00
0.00e+00
0.00e+00
0.00e+00
0.00e+00
0.00e+00
0.00e+00
0.00e+00
0.00e+00
0.00e+00
0.00e+00
0.00e+00
0.00e+00
0.00e+00
0.00e+00
0.00e+00
0.00e+00
0.00e+00
0.00e+00
1.10e-27
1.88e-23
2.21e-22
2.76e-21
2.01e-22
1.65e-23
0.00e+00
0.00e+00
2.18e-24
2.11e-24
2.26e-25
1.13e-25
3.27e-25
1.33e-20
2.37e-18
2.86e-19
2.75e-19
3.01e-22
0.00e+00
0.00e+00
0.00e+00
0.00e+00
0.00e+00
0.00e+00
0.00e+00
0.00e+00
0.00e+00
0.00e+00
0.00e+00
0.00e+00
0.00e+00
6.61e-28
8.07e-27
1.88e-23
6.91e-25
3.48e-25
1.32e-23
8.03e-22
8.41e-22
3.30e-24
2.59e-24
2.57e-24
0.00e+00
0.00e+00
0.00e+00
0.00e+00
3.44e-22
4.41e-22
2.81e-20
2.25e-20
0.00e+00
9.56e-22
1.92e-20
2.66e-21
0.00e+00
3.94e-21
2.73e-21
0.00e+00
0.00e+00
0.00e+00
0.00e+00
0.00e+00
0.00e+00
8.93e-29
2.19e-26
1.86e-23
3.02e-25
0.00e+00
0.00e+00
2.05e-23
1.50e-23
5.91e-25
3.02e-24
2.40e-20
2.79e-20
3.33e-22
0.00e+00
0.00e+00
0.00e+00
0.00e+00
0.00e+00
2.74e-21
1.07e-20
2.93e-24
2.37e-22
1.22e-19
1.43e-21
5.14e-24
3.52e-22
2.14e-20
1.56e-23
0.00e+00
0.00e+00
0.00e+00
0.00e+00
3.49e-27
3.48e-25
3.55e-25
3.26e-25
0.00e+00
0.00e+00
1.07e-25
9.42e-24
1.40e-24
0.00e+00
5.76e-23
2.90e-22
4.79e-21
6.19e-23
0.00e+00
0.00e+00
1.28e-26
2.25e-24
1.88e-25
9.63e-22
1.07e-22
0.00e+00
3.31e-23
3.42e-23
0.00e+00
0.00e+00
0.00e+00
0.00e+00
0.00e+00
0.00e+00
0.00e+00
0.00e+00
4.57e-25
4.53e-24
4.72e-25
4.99e-26
7.59e-23
2.01e-23
1.57e-24
9.84e-23
1.04e-21
1.95e-21
6.98e-23
5.15e-23
6.74e-24
7.07e-24
0.00e+00
0.00e+00
0.00e+00
0.00e+00
0.00e+00
0.00e+00
1.30e-23
0.00e+00
0.00e+00
0.00e+00
0.00e+00
0.00e+00
0.00e+00
0.00e+00
0.00e+00
0.00e+00
0.00e+00
0.00e+00
5.17e-26
1.33e-23
6.04e-25
0.00e+00
0.00e+00
9.77e-24
1.85e-23
1.04e-22
2.89e-24
2.47e-24
2.54e-23
4.19e-24
0.00e+00
0.00e+00
0.00e+00
0.00e+00
0.00e+00
1.63e-22
1.45e-22
8.27e-24
7.72e-23
1.09e-23
0.00e+00
0.00e+00
0.00e+00
0.00e+00
1.34e-21
8.62e-22
0.00e+00
0.00e+00
0.00e+00
0.00e+00
0.00e+00
8.01e-25
6.82e-22
6.30e-23
0.00e+00
1.64e-25
8.76e-25
1.27e-24
1.32e-24
0.00e+00
0.00e+00
0.00e+00
0.00e+00
0.00e+00
0.00e+00
3.81e-21
4.02e-21
4.45e-22
4.03e-22
0.00e+00
3.37e-24
2.34e-21
0.00e+00
2.68e-22
6.54e-23
1.22e-23
1.39e-22
1.04e-20
7.56e-22
0.00e+00
0.00e+00
0.00e+00
0.00e+00
0.00e+00
3.79e-26
4.80e-24
2.58e-24
1.32e-25
1.20e-25
0.00e+00
0.00e+00
0.00e+00
0.00e+00
2.25e-17
2.56e-17
2.79e-18
0.00e+00
1.83e-23
3.83e-21
8.26e-23
3.70e-21
4.69e-20
2.64e-22
4.43e-20
2.19e-21
3.94e-25
0.00e+00
0.00e+00
0.00e+00
1.07e-23
8.53e-23
0.00e+00
0.00e+00
0.00e+00
0.00e+00
0.00e+00
0.00e+00
0.00e+00
0.00e+00
0.00e+00
0.00e+00
0.00e+00
0.00e+00
0.00e+00
0.00e+00
3.36e-21
4.35e-20
2.45e-18
3.41e-19
1.79e-23
4.42e-22
5.05e-23
0.00e+00
6.34e-24
2.08e-22
3.43e-22
5.25e-23
0.00e+00
0.00e+00
0.00e+00
0.00e+00
0.00e+00
0.00e+00
0.00e+00
0.00e+00
0.00e+00
0.00e+00
0.00e+00
0.00e+00
0.00e+00
0.00e+00
0.00e+00
0.00e+00
0.00e+00
0.00e+00
0.00e+00
0.00e+00
0.00e+00
0.00e+00
0.00e+00
0.00e+00
0.00e+00
0.00e+00
0.00e+00
0.00e+00
0.00e+00
0.00e+00
0.00e+00
0.00e+00
0.00e+00
0.00e+00
0.00e+00
0.00e+00
0.00e+00
0.00e+00
0.00e+00
0.00e+00
1.331124e-10 is the max at 0, 81.
